helmet 0.00 0 0.0 45.00 44.00 91.00 69.00 0.0 0.0 0.0 0.0 0.0 0.0 0.0
helmet 0.00 0 0.0 81.00 41.00 108.00 56.00 0.0 0.0 0.0 0.0 0.0 0.0 0.0
helmet 0.00 0 0.0 101.00 38.00 126.00 53.00 0.0 0.0 0.0 0.0 0.0 0.0 0.0
helmet 0.00 0 0.0 152.00 37.00 184.00 60.00 0.0 0.0 0.0 0.0 0.0 0.0 0.0
helmet 0.00 0 0.0 210.00 44.00 243.00 63.00 0.0 0.0 0.0 0.0 0.0 0.0 0.0
helmet 0.00 0 0.0 87.00 62.00 126.00 94.00 0.0 0.0 0.0 0.0 0.0 0.0 0.0
person_with_helmet 0.00 0 0.0 45.00 44.00 91.00 98.00 0.0 0.0 0.0 0.0 0.0 0.0 0.0
person_with_helmet 0.00 0 0.0 89.00 66.00 128.00 105.00 0.0 0.0 0.0 0.0 0.0 0.0 0.0
person_with_helmet 0.00 0 0.0 142.00 36.00 192.00 112.00 0.0 0.0 0.0 0.0 0.0 0.0 0.0
person_with_helmet 0.00 0 0.0 209.00 44.00 272.00 113.00 0.0 0.0 0.0 0.0 0.0 0.0 0.0
person_without_helmet 0.00 0 0.0 194.00 34.00 214.00 104.00 0.0 0.0 0.0 0.0 0.0 0.0 0.0