person_without_helmet 0.00 0 0.0 38.00 20.00 65.00 117.00 0.0 0.0 0.0 0.0 0.0 0.0 0.0
person_with_helmet 0.00 0 0.0 63.00 18.00 98.00 86.00 0.0 0.0 0.0 0.0 0.0 0.0 0.0
helmet 0.00 0 0.0 64.00 19.00 81.00 32.00 0.0 0.0 0.0 0.0 0.0 0.0 0.0
helmet 0.00 0 0.0 120.00 13.00 138.00 25.00 0.0 0.0 0.0 0.0 0.0 0.0 0.0
helmet 0.00 0 0.0 209.00 8.00 227.00 22.00 0.0 0.0 0.0 0.0 0.0 0.0 0.0
helmet 0.00 0 0.0 232.00 9.00 253.00 23.00 0.0 0.0 0.0 0.0 0.0 0.0 0.0
person_without_helmet 0.00 0 0.0 172.00 10.00 202.00 53.00 0.0 0.0 0.0 0.0 0.0 0.0 0.0
person_without_helmet 0.00 0 0.0 146.00 13.00 177.00 63.00 0.0 0.0 0.0 0.0 0.0 0.0 0.0
person_without_helmet 0.00 0 0.0 95.00 18.00 121.00 89.00 0.0 0.0 0.0 0.0 0.0 0.0 0.0
person_with_helmet 0.00 0 0.0 120.00 14.00 150.00 62.00 0.0 0.0 0.0 0.0 0.0 0.0 0.0
person_with_helmet 0.00 0 0.0 203.00 6.00 229.00 61.00 0.0 0.0 0.0 0.0 0.0 0.0 0.0
person_with_helmet 0.00 0 0.0 231.00 9.00 264.00 111.00 0.0 0.0 0.0 0.0 0.0 0.0 0.0