helmet 0.00 0 0.0 48.00 1.00 70.00 15.00 0.0 0.0 0.0 0.0 0.0 0.0 0.0
helmet 0.00 0 0.0 71.00 8.00 94.00 21.00 0.0 0.0 0.0 0.0 0.0 0.0 0.0
helmet 0.00 0 0.0 123.00 3.00 149.00 21.00 0.0 0.0 0.0 0.0 0.0 0.0 0.0
helmet 0.00 0 0.0 214.00 6.00 235.00 22.00 0.0 0.0 0.0 0.0 0.0 0.0 0.0
helmet 0.00 0 0.0 247.00 7.00 271.00 24.00 0.0 0.0 0.0 0.0 0.0 0.0 0.0
person_without_helmet 0.00 0 0.0 184.00 12.00 214.00 168.00 0.0 0.0 0.0 0.0 0.0 0.0 0.0
person_with_helmet 0.00 0 0.0 214.00 8.00 239.00 168.00 0.0 0.0 0.0 0.0 0.0 0.0 0.0
person_with_helmet 0.00 0 0.0 243.00 6.00 278.00 168.00 0.0 0.0 0.0 0.0 0.0 0.0 0.0
person_with_helmet 0.00 0 0.0 125.00 4.00 160.00 166.00 0.0 0.0 0.0 0.0 0.0 0.0 0.0
person_with_helmet 0.00 0 0.0 40.00 1.00 79.00 166.00 0.0 0.0 0.0 0.0 0.0 0.0 0.0
person_with_helmet 0.00 0 0.0 73.00 9.00 98.00 54.00 0.0 0.0 0.0 0.0 0.0 0.0 0.0
person_without_helmet 0.00 0 0.0 95.00 18.00 127.00 168.00 0.0 0.0 0.0 0.0 0.0 0.0 0.0