helmet 0.00 0 0.0 80.00 26.00 101.00 47.00 0.0 0.0 0.0 0.0 0.0 0.0 0.0
helmet 0.00 0 0.0 52.00 60.00 71.00 75.00 0.0 0.0 0.0 0.0 0.0 0.0 0.0
helmet 0.00 0 0.0 112.00 63.00 133.00 81.00 0.0 0.0 0.0 0.0 0.0 0.0 0.0
helmet 0.00 0 0.0 92.00 102.00 112.00 118.00 0.0 0.0 0.0 0.0 0.0 0.0 0.0
helmet 0.00 0 0.0 124.00 121.00 145.00 137.00 0.0 0.0 0.0 0.0 0.0 0.0 0.0
helmet 0.00 0 0.0 153.00 117.00 171.00 137.00 0.0 0.0 0.0 0.0 0.0 0.0 0.0
helmet 0.00 0 0.0 141.00 121.00 158.00 134.00 0.0 0.0 0.0 0.0 0.0 0.0 0.0
helmet 0.00 0 0.0 140.00 161.00 159.00 179.00 0.0 0.0 0.0 0.0 0.0 0.0 0.0
helmet 0.00 0 0.0 158.00 165.00 181.00 187.00 0.0 0.0 0.0 0.0 0.0 0.0 0.0
helmet 0.00 0 0.0 88.00 167.00 112.00 186.00 0.0 0.0 0.0 0.0 0.0 0.0 0.0
helmet 0.00 0 0.0 54.00 157.00 75.00 175.00 0.0 0.0 0.0 0.0 0.0 0.0 0.0
helmet 0.00 0 0.0 53.00 137.00 76.00 155.00 0.0 0.0 0.0 0.0 0.0 0.0 0.0
helmet 0.00 0 0.0 27.00 158.00 46.00 178.00 0.0 0.0 0.0 0.0 0.0 0.0 0.0
helmet 0.00 0 0.0 42.00 118.00 61.00 139.00 0.0 0.0 0.0 0.0 0.0 0.0 0.0
helmet 0.00 0 0.0 15.00 114.00 36.00 130.00 0.0 0.0 0.0 0.0 0.0 0.0 0.0
helmet 0.00 0 0.0 1.00 104.00 22.00 124.00 0.0 0.0 0.0 0.0 0.0 0.0 0.0
person 0.00 0 0.0 152.00 166.00 184.00 235.00 0.0 0.0 0.0 0.0 0.0 0.0 0.0
person 0.00 0 0.0 127.00 161.00 163.00 231.00 0.0 0.0 0.0 0.0 0.0 0.0 0.0
person 0.00 0 0.0 80.00 163.00 128.00 243.00 0.0 0.0 0.0 0.0 0.0 0.0 0.0
person 0.00 0 0.0 50.00 157.00 84.00 241.00 0.0 0.0 0.0 0.0 0.0 0.0 0.0
person 0.00 0 0.0 8.00 156.00 56.00 239.00 0.0 0.0 0.0 0.0 0.0 0.0 0.0
person 0.00 0 0.0 81.00 98.00 121.00 191.00 0.0 0.0 0.0 0.0 0.0 0.0 0.0
person 0.00 0 0.0 68.00 25.00 114.00 86.00 0.0 0.0 0.0 0.0 0.0 0.0 0.0
person 0.00 0 0.0 123.00 119.00 149.00 184.00 0.0 0.0 0.0 0.0 0.0 0.0 0.0