helmet 0.00 0 0.0 151.00 37.00 167.00 54.00 0.0 0.0 0.0 0.0 0.0 0.0 0.0
helmet 0.00 0 0.0 119.00 38.00 140.00 55.00 0.0 0.0 0.0 0.0 0.0 0.0 0.0
helmet 0.00 0 0.0 120.00 29.00 138.00 39.00 0.0 0.0 0.0 0.0 0.0 0.0 0.0
helmet 0.00 0 0.0 95.00 39.00 115.00 54.00 0.0 0.0 0.0 0.0 0.0 0.0 0.0
helmet 0.00 0 0.0 94.00 29.00 111.00 39.00 0.0 0.0 0.0 0.0 0.0 0.0 0.0
helmet 0.00 0 0.0 65.00 20.00 95.00 47.00 0.0 0.0 0.0 0.0 0.0 0.0 0.0
helmet 0.00 0 0.0 45.00 14.00 69.00 28.00 0.0 0.0 0.0 0.0 0.0 0.0 0.0
helmet 0.00 0 0.0 9.00 20.00 41.00 46.00 0.0 0.0 0.0 0.0 0.0 0.0 0.0
helmet 0.00 0 0.0 2.00 16.00 18.00 35.00 0.0 0.0 0.0 0.0 0.0 0.0 0.0
person_with_helmet 0.00 0 0.0 146.00 39.00 169.00 131.00 0.0 0.0 0.0 0.0 0.0 0.0 0.0
person_with_helmet 0.00 0 0.0 113.00 39.00 151.00 81.00 0.0 0.0 0.0 0.0 0.0 0.0 0.0
person_with_helmet 0.00 0 0.0 57.00 23.00 110.00 172.00 0.0 0.0 0.0 0.0 0.0 0.0 0.0