helmet 0.00 0 0.0 107.00 9.00 157.00 44.00 0.0 0.0 0.0 0.0 0.0 0.0 0.0
helmet 0.00 0 0.0 26.00 14.00 43.00 23.00 0.0 0.0 0.0 0.0 0.0 0.0 0.0
helmet 0.00 0 0.0 44.00 19.00 59.00 30.00 0.0 0.0 0.0 0.0 0.0 0.0 0.0
helmet 0.00 0 0.0 83.00 15.00 101.00 28.00 0.0 0.0 0.0 0.0 0.0 0.0 0.0
helmet 0.00 0 0.0 188.00 21.00 205.00 32.00 0.0 0.0 0.0 0.0 0.0 0.0 0.0
helmet 0.00 0 0.0 215.00 23.00 230.00 33.00 0.0 0.0 0.0 0.0 0.0 0.0 0.0
person_without_helmet 0.00 0 0.0 165.00 27.00 189.00 104.00 0.0 0.0 0.0 0.0 0.0 0.0 0.0
person_without_helmet 0.00 0 0.0 61.00 29.00 85.00 108.00 0.0 0.0 0.0 0.0 0.0 0.0 0.0
person_with_helmet 0.00 0 0.0 21.00 13.00 52.00 137.00 0.0 0.0 0.0 0.0 0.0 0.0 0.0
person_with_helmet 0.00 0 0.0 44.00 17.00 66.00 87.00 0.0 0.0 0.0 0.0 0.0 0.0 0.0
person_with_helmet 0.00 0 0.0 94.00 9.00 186.00 175.00 0.0 0.0 0.0 0.0 0.0 0.0 0.0