helmet 0.00 0 0.0 64.00 53.00 81.00 64.00 0.0 0.0 0.0 0.0 0.0 0.0 0.0
helmet 0.00 0 0.0 91.00 57.00 111.00 66.00 0.0 0.0 0.0 0.0 0.0 0.0 0.0
helmet 0.00 0 0.0 126.00 52.00 142.00 61.00 0.0 0.0 0.0 0.0 0.0 0.0 0.0
helmet 0.00 0 0.0 151.00 46.00 165.00 55.00 0.0 0.0 0.0 0.0 0.0 0.0 0.0
helmet 0.00 0 0.0 163.00 49.00 181.00 61.00 0.0 0.0 0.0 0.0 0.0 0.0 0.0
person_with_helmet 0.00 0 0.0 53.00 54.00 84.00 176.00 0.0 0.0 0.0 0.0 0.0 0.0 0.0
person_with_helmet 0.00 0 0.0 84.00 55.00 119.00 173.00 0.0 0.0 0.0 0.0 0.0 0.0 0.0
person_with_helmet 0.00 0 0.0 118.00 52.00 151.00 174.00 0.0 0.0 0.0 0.0 0.0 0.0 0.0
person_with_helmet 0.00 0 0.0 164.00 51.00 196.00 174.00 0.0 0.0 0.0 0.0 0.0 0.0 0.0
person_with_helmet 0.00 0 0.0 149.00 45.00 165.00 89.00 0.0 0.0 0.0 0.0 0.0 0.0 0.0
person_with_helmet 0.00 0 0.0 121.00 53.00 152.00 170.00 0.0 0.0 0.0 0.0 0.0 0.0 0.0