person_without_helmet 0.00 0 0.0 25.00 29.00 61.00 179.00 0.0 0.0 0.0 0.0 0.0 0.0 0.0
person_without_helmet 0.00 0 0.0 58.00 29.00 84.00 176.00 0.0 0.0 0.0 0.0 0.0 0.0 0.0
person_without_helmet 0.00 0 0.0 79.00 16.00 99.00 54.00 0.0 0.0 0.0 0.0 0.0 0.0 0.0
person_without_helmet 0.00 0 0.0 98.00 28.00 115.00 178.00 0.0 0.0 0.0 0.0 0.0 0.0 0.0
person_without_helmet 0.00 0 0.0 112.00 19.00 132.00 53.00 0.0 0.0 0.0 0.0 0.0 0.0 0.0
person_without_helmet 0.00 0 0.0 128.00 28.00 146.00 153.00 0.0 0.0 0.0 0.0 0.0 0.0 0.0
person_without_helmet 0.00 0 0.0 144.00 21.00 160.00 53.00 0.0 0.0 0.0 0.0 0.0 0.0 0.0
person_without_helmet 0.00 0 0.0 193.00 28.00 230.00 147.00 0.0 0.0 0.0 0.0 0.0 0.0 0.0
helmet 0.00 0 0.0 169.00 17.00 190.00 31.00 0.0 0.0 0.0 0.0 0.0 0.0 0.0
helmet 0.00 0 0.0 158.00 29.00 176.00 42.00 0.0 0.0 0.0 0.0 0.0 0.0 0.0
person_with_helmet 0.00 0 0.0 158.00 31.00 178.00 178.00 0.0 0.0 0.0 0.0 0.0 0.0 0.0
person_with_helmet 0.00 0 0.0 173.00 19.00 190.00 41.00 0.0 0.0 0.0 0.0 0.0 0.0 0.0